0.128767
0.447224
0.751020
1.022682
1.249060
1.421877
1.536781
1.591750
1.585963
1.519909
1.396714
1.223918
1.014524
0.786356
0.559542
0.352831
0.180132
0.048652
-0.040619
-0.090365
-0.103594
-0.081080
-0.020894
0.079712
0.220870
0.396720
0.593762
0.791878
0.967856
1.100171
1.173279
1.179937
1.120939
1.002755
0.834356
0.624679
0.381690
0.113106
-0.171973
-0.461699
-0.741335
-0.994623
-1.206188
-1.363985
-1.460823
-1.494446
-1.466398
-1.380392
-1.241114
-1.054043
-0.826271
-0.567758
-0.292150
-0.016476
0.240465
0.460651
0.629505
0.737882
0.782862
0.767324
0.698705
0.587497
0.445939
0.287063
0.123981
-0.030798
-0.166127
-0.272971
-0.344860
-0.377802
-0.369618
-0.318981
-0.224686
-0.085674
0.097956
0.323184
0.582224
0.861469
1.141913
1.401249
1.617226
1.771314
1.851650
1.854396
1.783259
1.647508
1.459284
1.231149
0.974554
0.699533
0.415378
0.131765
-0.140336
-0.388452
-0.599342
-0.760512
-0.862143
-0.898897
-0.871093
-0.784919
-0.651562
-0.485480
-0.302244
-0.116533
0.059169
0.214892
0.342587
0.435078
0.485246
0.486072
0.431817
0.320083
0.154002
-0.056438
-0.294709
-0.539927
-0.770400
-0.967422
-1.118053
-1.215975
-1.260274
-1.252852
-1.195722
-1.089424
-0.933286
-0.727340
-0.474941
-0.184779
